1433255388 0 0 0 0 1
1433255541 1 0 0 0 1
1433255750 2 0 0 0 1
1433255877 3 0 0 0 1
1433255949 4 0 0 0 1
1433256074 5 0 0 0 1
1433264289 6 0 0 0 1
1433267382 6 1 0 0 1
1433268448 6 2 0 0 1
1433271353 7 2 0 0 1
1433271366 8 2 0 0 1
1433272909 9 2 0 0 1
1433273290 10 2 0 0 1
1433276594 10 3 0 0 1
1433334586 11 3 0 0 1
1433334589 12 3 0 0 1
1433336264 12 4 0 0 1
1433336543 12 5 0 0 1
1433336581 13 5 0 0 1
1433336583 14 5 0 0 1
1433337606 15 5 0 0 1
1433337725 15 5 1 0 1
1433337756 16 5 1 0 1
1433337765 17 5 1 0 1
1433338359 17 5 2 0 1
1433338375 17 5 3 0 1
1433340055 17 6 3 0 1
1433340085 17 7 3 0 1
1433341405 18 7 3 0 1
1433341769 19 7 3 0 1
1433342975 19 8 3 0 1
1433343098 20 8 3 0 1
1433343176 21 8 3 0 1
1433348853 22 8 3 0 1
1433349923 23 8 3 0 1
1433353409 24 8 3 0 1
1433364701 25 8 3 0 1
1433364843 26 8 3 0 1
1433381204 27 8 3 0 1
1433386425 28 8 3 0 1
1433422835 29 8 3 0 1
1433423629 30 8 3 0 1
1433424692 30 9 3 0 1
1433425091 30 10 3 0 1
1433425762 31 10 3 0 1
1433431194 31 11 3 0 1
1433431222 31 12 3 0 1
1433431307 32 12 3 0 1
1433431374 33 12 3 0 1
1433434904 33 13 3 0 1
1433436424 33 14 3 0 1
1433438912 34 14 3 0 1
1433447793 35 14 3 0 1
1433447882 35 15 3 0 1
1433451318 36 15 3 0 1
1433766932 36 16 3 0 1
1433768125 36 17 3 0 1
1433775359 36 18 3 0 1
1433776089 37 18 3 0 1
1433778574 38 18 3 0 1
1433778934 39 18 3 0 1
1433779008 39 18 4 0 1
1433779978 39 19 4 0 1
1433780426 40 19 4 0 1
1433780623 41 19 4 0 1
1433781721 42 19 4 0 1
1433782331 43 19 4 0 1
1433788229 44 19 4 0 1
1433788281 44 20 4 0 1
1433788688 44 21 4 0 1
1433788988 44 22 4 0 1
1433789730 45 22 4 0 1
1433791961 45 23 4 0 1
1433792093 45 24 4 0 1
1433793969 46 24 4 0 1
1433854608 46 25 4 0 1
1433854635 46 26 4 0 1
1433861211 47 26 4 0 1
1433861381 47 27 4 0 1
1433861737 47 28 4 0 1
1433864269 47 29 4 0 1
1433864609 48 29 4 0 1
1433865171 49 29 4 0 1
1433865600 50 29 4 0 1
1433865689 51 29 4 0 1
1433865699 52 29 4 0 1
1433865790 52 30 4 0 1
1433865795 52 31 4 0 1
1433867523 53 31 4 0 1
1433867553 53 32 4 0 1
1433867556 53 33 4 0 1
1433875591 54 33 4 0 1
1433875628 54 34 4 0 1
1433875633 54 35 4 0 1
1433875749 55 35 4 0 1
1433876524 56 35 4 0 1
1433876595 57 35 4 0 1
1433877268 58 35 4 0 1
1433877807 58 36 4 0 1
1433877833 58 37 4 0 1
1433878056 58 38 4 0 1
1433883561 59 38 4 0 1
1433883574 60 38 4 0 1
1433906052 61 38 4 0 1
1433938701 61 39 4 0 1
1433938733 61 40 4 0 1
1433939862 61 41 4 0 1
1433940690 61 42 4 0 1
1433941024 62 42 4 0 1
1433941034 63 42 4 0 1
1433943893 63 43 4 0 1
1433943909 63 44 4 0 1
1433946030 64 44 4 0 1
1433946039 65 44 4 0 1
1433946713 66 44 4 0 1
1433946755 66 45 4 0 1
1433946758 66 46 4 0 1
1433946837 67 46 4 0 1
1433946849 67 47 4 0 1
1433951147 67 48 4 0 1
1433955559 68 48 4 0 1
1433955568 69 48 4 0 1
1433955590 70 48 4 0 1
1433955692 71 48 4 0 1
1433957207 72 48 4 0 1
1433958032 73 48 4 0 1
1433959409 74 48 4 0 1
1433960902 75 48 4 0 1
1433962340 75 48 5 0 1
1433963017 75 48 6 0 1
1433964966 76 48 6 0 1
1433964979 77 48 6 0 1
1433965038 77 49 6 0 1
1433965053 77 50 6 0 1
1433968072 78 50 6 0 1
1433968082 79 50 6 0 1
1433968184 80 50 6 0 1
1433969097 81 50 6 0 1
1433969684 82 50 6 0 1
1434028789 82 51 6 0 1
1434028872 82 52 6 0 1
1434029704 83 52 6 0 1
1434029724 84 52 6 0 1
1434029734 85 52 6 0 1
1434030892 85 53 6 0 1
1434030905 85 54 6 0 1
1434031212 85 55 6 0 1
1434031516 86 55 6 0 1
1434031528 87 55 6 0 1
1434031888 87 55 7 0 1
1434031896 87 55 8 0 1
1434031923 88 55 8 0 1
1434035486 89 55 8 0 1
1434035701 89 55 9 0 1
1434035809 89 56 9 0 1
1434035819 89 57 9 0 1
1434036500 89 57 10 0 1
1434039278 89 58 10 0 1
1434039292 89 59 10 0 1
1434039944 89 60 10 0 1
1434040087 89 61 10 0 1
1434040804 90 61 10 0 1
1434040859 91 61 10 0 1
1434041174 92 61 10 0 1
1434041255 92 62 10 0 1
1434041386 92 63 10 0 1
1434041925 92 64 10 0 1
1434041976 93 64 10 0 1
1434042052 94 64 10 0 1
1434042262 94 64 11 0 1
1434043889 95 64 11 0 1
1434044031 96 64 11 0 1
1434044630 96 65 11 0 1
1434045509 96 66 11 0 1
1434045525 96 66 12 0 1
1434046994 96 67 12 0 1
1434047523 96 68 12 0 1
1434376825 96 69 12 0 1
1434388307 96 70 12 0 1
1434388595 96 71 12 0 1
1434390352 97 71 12 0 1
1434392340 98 71 12 0 1
1434392591 98 72 12 0 1
1434392837 99 72 12 0 1
1434393328 99 72 13 0 1
1434394099 100 72 13 0 1
1434394119 101 72 13 0 1
1434395206 102 72 13 0 1
1434395348 103 72 13 0 1
1434395778 104 72 13 0 1
1434396061 104 73 13 0 1
1434397171 105 73 13 0 1
1434397274 106 73 13 0 1
1434397547 106 74 13 0 1
1434459415 107 74 13 0 1
1434460563 107 75 13 0 1
1434461708 107 76 13 0 1
1434461858 108 76 13 0 1
1434462967 109 76 13 0 1
1434463223 110 76 13 0 1
1434465653 111 76 13 0 1
1434466710 112 76 13 0 1
1434466720 113 76 13 0 1
1434466905 114 76 13 0 1
1434468930 115 76 13 0 1
1434471837 116 76 13 0 1
1434471858 116 77 13 0 1
1434471906 117 77 13 0 1
1434475348 118 77 13 0 1
1434475396 119 77 13 0 1
1434475463 119 77 14 0 1
1434475627 120 77 14 0 1
1434475640 121 77 14 0 1
1434476124 121 78 14 0 1
1434476137 122 78 14 0 1
1434476228 122 79 14 0 1
1434482519 123 79 14 0 1
1434482586 124 79 14 0 1
1434484210 125 79 14 0 1
1434484868 126 79 14 0 1
1434486922 127 79 14 0 1
1434545210 128 79 14 0 1
1434545535 129 79 14 0 1
1434545605 129 79 15 0 1
1434547520 130 79 15 0 1
1434547533 131 79 15 0 1
1434550790 132 79 15 0 1
1434551336 133 79 15 0 1
1434553751 133 80 15 0 1
1434555290 134 80 15 0 1
1434556008 135 80 15 0 1
1434556803 136 80 15 0 1
1434562492 136 81 15 0 1
1434562514 136 82 15 0 1
1434563263 137 82 15 0 1
1434563433 138 82 15 0 1
1434563526 138 83 15 0 1
1434563573 138 84 15 0 1
1434565560 138 84 16 0 1
1434566016 139 84 16 0 1
1434566038 140 84 16 0 1
1434567102 141 84 16 0 1
1434567727 142 84 16 0 1
1434567816 142 85 16 0 1
1434567864 142 86 16 0 1
1434570161 142 86 17 0 1
1434570412 142 87 17 0 1
1434570437 142 88 17 0 1
1434570648 142 88 18 0 1
1434571558 143 88 18 0 1
1434571576 144 88 18 0 1
1434637301 145 88 18 0 1
1434637443 145 89 18 0 1
1434637463 145 90 18 0 1
1434639389 145 91 18 0 1
1434640258 146 91 18 0 1
1434641382 147 91 18 0 1
1434641538 148 91 18 0 1
1434641774 149 91 18 0 1
1434641780 149 92 18 0 1
1434641986 149 93 18 0 1
1434658263 150 93 18 0 1
1434977557 150 94 18 0 1
1434977589 150 95 18 0 1
1434978897 150 96 18 0 1
1434979795 150 97 18 0 1
1434980635 151 97 18 0 1
1434980647 152 97 18 0 1
1434980946 152 98 18 0 1
1434980964 152 99 18 0 1
1434981054 152 99 18 1 1
1434981140 152 99 18 2 1
1434984474 153 99 18 2 1
1434984524 154 99 18 2 1
1434984915 155 99 18 2 1
1434986069 156 99 18 2 1
1434986083 157 99 18 2 1
1434986089 157 100 18 2 1
1434986148 157 101 18 2 1
1434986745 158 101 18 2 1
1434986759 159 101 18 2 1
1434989036 159 102 18 2 1
1434989056 159 103 18 2 1
1434990016 159 104 18 2 1
1434990756 160 104 18 2 1
1434990997 161 104 18 2 1
1434991296 162 104 18 2 1
1434991355 162 105 18 2 1
1434991502 162 106 18 2 1
1434992296 163 106 18 2 1
1434993156 164 106 18 2 1
1434993185 164 107 18 2 1
1434993260 164 108 18 2 1
1434994827 165 108 18 2 1
1434998316 165 108 19 2 1
1435001902 166 108 19 2 1
1435001923 167 108 19 2 1
1435002017 168 108 19 2 1
1435002082 168 108 20 2 1
1435002544 168 109 20 2 1
1435002619 168 110 20 2 1
1435006410 169 110 20 2 1
1435061079 169 111 20 2 1
1435061136 169 112 20 2 1
1435066374 170 112 20 2 1
1435068238 170 113 20 2 1
1435068267 170 114 20 2 1
1435071174 171 114 20 2 1
1435071285 172 114 20 2 1
1435071291 173 114 20 2 1
1435073168 174 114 20 2 1
1435073912 175 114 20 2 1
1435074230 175 115 20 2 1
1435074242 175 116 20 2 1
1435074831 175 116 21 2 1
1435076825 176 116 21 2 1
1435076988 177 116 21 2 1
1435078698 177 117 21 2 1
1435078709 177 118 21 2 1
1435079598 177 119 21 2 1
1435081644 177 120 21 2 1
1435085775 177 120 22 2 1
1435087198 178 120 22 2 1
1435087212 179 120 22 2 1
1435089591 179 121 22 2 1
1435089607 179 122 22 2 1
1435089937 180 122 22 2 1
1435090567 181 122 22 2 1
1435148439 181 123 22 2 1
1435149291 181 123 23 2 1
1435150826 181 124 23 2 1
1435150850 181 125 23 2 1
1435151798 181 126 23 2 1
1435153298 182 126 23 2 1
1435153332 183 126 23 2 1
1435162475 184 126 23 2 1
1435163194 185 126 23 2 1
1435163765 185 127 23 2 1
1435163786 185 128 23 2 1
1435166622 186 128 23 2 1
1435166897 187 128 23 2 1
1435167300 188 128 23 2 1
1435167398 189 128 23 2 1
1435167511 190 128 23 2 1
1435167594 191 128 23 2 1
1435169585 191 129 23 2 1
1435170308 192 129 23 2 1
1435170320 193 129 23 2 1
1435170856 193 130 23 2 1
1435170888 193 131 23 2 1
1435171889 194 131 23 2 1
1435172607 194 132 23 2 1
1435172617 194 133 23 2 1
1435173982 195 133 23 2 1
1435173996 196 133 23 2 1
1435189343 197 133 23 2 1
1435237038 198 133 23 2 1
1435237045 199 133 23 2 1
1435240969 200 133 23 2 1
1435241945 201 133 23 2 1
1435242420 202 133 23 2 1
1435242734 203 133 23 2 1
1435243760 204 133 23 2 1
1435252220 204 133 24 2 1
1435253828 205 133 24 2 1
1435253852 206 133 24 2 1
1435585850 206 133 25 2 1
1435585924 207 133 25 2 1
1435585956 207 133 26 2 1
1435589357 207 133 27 2 1
1435589364 208 133 27 2 1
1435590200 208 134 27 2 1
1435590229 209 134 27 2 1
1435593676 210 134 27 2 1
1435594333 211 134 27 2 1
1435594891 212 134 27 2 1
1435601383 212 135 27 2 1
1435601463 212 136 27 2 1
1435667650 212 137 27 2 1
1435667716 212 138 27 2 1
1435668460 212 139 27 2 1
1435669481 212 140 27 2 1
1435669861 212 141 27 2 1
1435674639 212 142 27 2 1
1435675920 213 142 27 2 1
1435676286 213 143 27 2 1
1435676624 214 143 27 2 1
1435676675 215 143 27 2 1
1435676769 216 143 27 2 1
1435676816 217 143 27 2 1
1435677454 218 143 27 2 1
1435677772 219 143 27 2 1
1435678451 220 143 27 2 1
1435678503 221 143 27 2 1
1435679630 222 143 27 2 1
1435679764 223 143 27 2 1
1435679812 223 143 28 2 1
1435679944 223 144 28 2 1
1435683296 224 144 28 2 1
1435683341 225 144 28 2 1
1435685766 226 144 28 2 1
1435685891 227 144 28 2 1
1435687320 227 145 28 2 1
1435687329 227 146 28 2 1
1435688853 228 146 28 2 1
1435710777 229 146 28 2 1
1435712789 230 146 28 2 1
1435752635 230 147 28 2 1
1435761715 230 148 28 2 1
1435762710 231 148 28 2 1
1435763246 231 149 28 2 1
1435769157 231 150 28 2 1
1435771896 232 150 28 2 1
1435774467 233 150 28 2 1
1435781288 233 151 28 2 1
1435848267 233 152 28 2 1
1435849344 233 153 28 2 1
1435850395 234 153 28 2 1
1435850465 235 153 28 2 1
1435850574 235 154 28 2 1
1435850610 235 155 28 2 1
1435850768 236 155 28 2 1
1435850833 237 155 28 2 1
1435851448 238 155 28 2 1
1435851952 239 155 28 2 1
1435852545 239 156 28 2 1
1435852592 239 157 28 2 1
1435854136 240 157 28 2 1
1435854149 241 157 28 2 1
1435854490 242 157 28 2 1
1435855005 243 157 28 2 1
1435855585 244 157 28 2 1
1435860282 245 157 28 2 1
1435864610 246 157 28 2 1
1435865971 247 157 28 2 1
1435866146 247 158 28 2 1
1435866158 247 159 28 2 1
1435940387 248 159 28 2 1
1435941576 249 159 28 2 1
1435941604 249 159 29 2 1
1435942449 250 159 29 2 1
1435942460 251 159 29 2 1
1435943906 252 159 29 2 1
1435946734 253 159 29 2 1
1435948021 254 159 29 2 1
1435949928 255 159 29 2 1
1435950505 256 159 29 2 1
1435950658 257 159 29 2 1
1435951791 258 159 29 2 1
1435959338 259 159 29 2 1
1435960718 260 159 29 2 1
