1433255388 1744
1433255541 1744
1433255750 1744
1433255877 1799
1433255949 1799
1433256074 1764
1433264289 1794
1433271353 1802
1433271366 1744
1433272909 1747
1433273290 1749
1433334586 1749
1433334589 1754
1433336581 1756
1433336583 1758
1433337606 1761
1433337756 1761
1433337765 1761
1433338359 1764
1433338375 1764
1433341405 1821
1433341769 1832
1433343098 1849
1433343176 1854
1433348853 1877
1433349923 1906
1433353409 1910
1433364701 1950
1433364843 1951
1433381204 1967
1433386425 1972
1433422835 1914
1433424692 1929
1433425091 1955
1433425762 1956
1433431307 1954
1433431374 2009
1433434904 2033
1433436424 2046
1433447882 2111
1433766932 2119
1433768125 2130
1433775359 2180
1433779008 2300
1433780426 2292
1433780623 2313
1433781721 2318
1433788281 2374
1433788688 2350
1433788988 2339
1433791961 2336
1433792093 2338
1433854608 2340
1433854635 2277
1433861381 2241
1433861737 2241
1433864269 2315
1433865790 2323
1433865795 2337
1433867553 2339
1433867556 2344
1433875628 2353
1433875633 6179
1433877807 6186
1433877833 6183
1433878056 6183
1433938701 6194
1433938733 3330
1433941024 3366
1433941034 3380
1433946030 3576
1433946039 3574
1433946713 3574
1433946837 3339
1433955559 3409
1433955568 9288
1433955590 3481
1433955692 3484
1433957207 3566
1433958032 3599
1433959409 3645
1433960902 3689
1433962340 3524
1433965038 3498
1433965053 3559
1434028789 3629
1434028872 3672
1434030892 3683
1434030905 3749
1434031212 3751
1434035809 3818
1434035819 3977
1434039278 3971
1434039292 3974
1434039944 3985
1434040087 3985
1434041255 3988
1434041386 3985
1434041925 3984
1434044630 4021
1434045509 4124
1434045525 4121
1434046994 4125
1434047523 4125
1434390352 4170
1434392340 4188
1434392837 4187
1434394099 4163
1434394119 4171
1434395206 4197
1434395348 4197
1434395778 4197
1434397171 3964
1434397274 3954
1434459415 4004
1434461858 4051
1434462967 4052
1434463223 4046
1434465653 4046
1434466710 4042
1434466720 4037
1434466905 4021
1434468930 4215
1434471837 4229
1434471906 4219
1434475348 4232
1434475396 4236
1434475627 4233
1434475640 4234
1434476137 4235
1434482519 4228
1434482586 4251
1434484210 4276
1434484868 4294
1434486922 4282
1434545210 4284
1434545535 4290
1434547520 4299
1434547533 4302
1434550790 4341
1434551336 4339
1434553751 4341
1434562492 4413
1434562514 4426
1434563526 4433
1434563573 4461
1434567816 4461
1434567864 4458
1434570412 4526
1434570437 4512
1434637443 4532
1434637463 4627
1434639389 4688
1434641780 4717
1434641986 4747
1434977557 4753
1434977589 4758
1434978897 4768
1434979795 4793
1434980946 4806
1434980964 5008
1434986089 5032
1434986148 4988
1434989036 4992
1434989056 4997
1434990016 5009
1434990756 5007
1434990997 5015
1434991355 5018
1434991502 5023
1434993185 5023
1434993260 4952
1435002544 4991
1435002619 4981
1435061079 4985
1435061136 5005
1435068238 5189
1435068267 5229
1435074230 5239
1435074242 5248
1435078698 5264
1435078709 5264
1435079598 5274
1435081644 5230
1435089591 5309
1435089607 5317
1435089937 5319
1435090567 5309
1435153298 5301
1435153332 5342
1435162475 5317
1435163194 5319
1435166622 5210
1435166897 5251
1435167300 5255
1435167398 5271
1435167511 5273
1435167594 5286
1435170308 5217
1435170320 5210
1435171889 5354
1435173982 5242
1435173996 5256
1435237038 5411
1435237045 5424
1435240969 5514
1435241945 5516
1435242420 5501
1435242734 5500
1435243760 5536
1435253828 5536
1435253852 5536
1435585924 5538
1435589364 5544
1435590229 5544
1435593676 5578
1435601383 5742
1435601463 5799
1435679812 5858
1435683296 5850
1435683341 5850
1435685766 5735
1435685891 5736
1435688853 5729
1435710777 5729
1435712789 5724
1435940387 6088
1435941576 6093
1435942449 6473
1435942460 6450
1435943906 6479
1435946734 6540
1435948021 6603
1435949928 6637
1435950505 6642
1435950658 6656
1435951791 6704
1435959338 6734
1435960718 6906
